0.6148017805940582
1.287513774623132
1.052754487931067
0.42475677041470217
1.75626893861137
1.2181645633990057
0.09915765246368302
0.5828429014952745
0.830516722459629
0.9750885115521359
0.3897504389856743
1.5532316377077409
0.7656515343867343
1.185451628348448
1.9781761778468732
0.8763122721339054
0.8843932367167662
1.054710130919493
0.0886159983423338
0.44666963929815306
1.905709453797273
0.5973368269538368
1.877017965919777
0.06426542384671241
1.7175472918933319
1.841541072825155
0.8844749291413558
0.5605951349950251
0.46051792090908483
1.7241073711490031
1.6571763018247068
0.8458296537581711
1.034656195120413
1.4793689014505182
1.2358765665713296
0.21708956416016023
0.5261419817119433
1.7267227035841999
1.2588375767998512
1.5746427202588387
1.248136288152811
1.1739838094487725
0.2757178218324925
0.8119543002271905
1.0996507116909335
1.8792664933965022
0.5358975577678542
0.577160751828427
1.768634100366972
1.3519709424659996
0.9932442448235812
0.8476790567841512
1.9402260619815297
1.4238450905306814
0.5603379205369379
0.3163028401339012
1.1183932642063543
1.7839807181869913
0.7486927658091915
1.456278663848253
1.9289285638964302
0.3469950206833572
0.7475256109922386
0.314495378175208
0.8440602808551965
1.2115385336109739
0.7221385053566729
1.5760604145633985
1.1536834005629175
1.8666610375102044
0.6539978445241967
0.2501781388182165
1.705490890267714
0.5164577055034572
0.39810822809610613
1.4463845476294388
0.4460481564882304
1.9188089085932623
1.7992946673217323
1.1418349011677333
1.1171201780371731
1.9719169334212758
1.6875227848889056
1.5844804084204258
0.5963255898789344
1.432733811058194
1.3634018748758865
1.0336108138352695
1.3184585159585782
1.6142655789140716
1.7885313424760103
0.9083808690020108
1.973583528293328
1.6841277235770002
0.1113670904901749
0.09657913864164946
0.250276006833422
0.27461881025850343
0.38779952167379017
0.17003729668551237
1.7771444724936496
1.5149681360586695
1.3966507411608826
0.559720353570683
1.6130380519108785
1.3093055039970871
1.3038141984851455
1.3626776066253161
0.6461075008154349
1.7092905845947612
0.5947752849665164
1.3846749919152879
1.0841540111593124
1.568230907934464
1.1737675511299248
0.2664702990447392
0.8534649248103483
0.3139073180612395
0.8188345316377694
0.0983338669845375
0.17060242412867144
0.6402170909734528
0.2855824964145304
1.7965563460447684
0.8113759159508036
1.1931349168679408
1.2684259783135383
0.697327819272243
1.6734941208477034
1.914383229147166
1.1566423219622528
0.31751181367964376
1.1141602247049498
0.6065931255535106
1.0635684044857039
1.0384787132057511
1.241136645813083
1.4966286787237406
0.9607869408462673
1.5883037548059509
1.8455739584506006
1.099137496199772
1.9151672458068594
1.62927562341607
1.987162173880578
1.5202808410364816
0.4051382622224491
1.50180173684855
1.3769299583913932
0.49198826827613673
1.4835906315136305
0.23243756511897318
1.6502811639236028
0.8899706358055142
0.15831697039348858
1.2829074058795567
1.3826255913099468
0.2641181265915029
1.7769177855759062
1.1986253823448534
0.2722247188308351
0.9977981687490329
0.4316138168490735
1.3093648236827302
1.2996401833969196
0.1129611586561241
1.440423346876877
0.9413662198683745
0.8704377934001157
0.45085059068637645
1.8146770173590416
0.21931390469368006
1.957564807682604
1.983505668032054
1.2888589658074923
1.4682517471630632
0.08208599518288584
1.349135493890237
1.967279052379367
0.4696497937963737
0.60572648839719
1.354833328887422
0.9330956878767491
0.38247375394698313
0.2559382539468349
0.15299144055888103
1.2687251632024612
0.009249871116424835
0.06396999572233097
0.07316681679250836
0.8526890032620704
0.2687588071852729
0.9686879110959195
0.6790385668343408
1.0264655755129477
0.2311319251462225
1.223659040940401
1.5204892205367337
0.7659292831396352
0.8777651569820175
0.44227505605838835
1.2637319748245361
0.3454747113558705
0.8676051952435411
0.62546017955453
1.4077969080685373
1.6489400628642077
0.0230038047446528
1.8387720798366856
0.6335799470844607
0.259959138056435
0.9924771542864357
1.3404707108451654
1.9820486894012614
1.2553866395185909
1.6043465485243422
1.9093951386194206
1.5210897705201936
0.22895761940636472
1.7943786712992218
1.8812545221861743
1.9358738883601718
1.4883575780126987
1.6721835894677788
1.9742045258293979
1.5655035766999006
0.5973946451269454
1.2852693668498962
0.3693471516850737
0.8091016444730905
0.4759815783512116
1.946292813929276
1.7090555279208033
1.53738673221585
1.1241509976389374
1.6081865907953425
1.6857934661274465
1.1711741611878965
0.7023420747323901
0.7034836183006636
0.7163630156192817
1.4261312903897285
0.17871349210864573
0.1082998500758392
1.8312798089354057
0.3735057597833762
1.0452524512306927
1.4480777636368802
1.3562420164702589
1.4294369634594812
1.7079657649691138
1.831333326373669
0.22242331476559474
0.16085133432518894
1.0724536933828006
0.2792893075709142
0.8145866114184055
1.383832141441122
1.5746839009146247
1.6134193395174743
1.1507812140320672
0.9307458435160123
0.44779785216801593
1.3695668903575304
0.8846500718358525
0.6752974317048988
1.3692979540036105
0.4264446662902519
0.13114221303191753
1.9300773470068622
0.7989789757898711
0.46796002020807625
0.4386880283790906
1.169054200755774
0.29648319757163333
1.1429527046330887
1.3656626686508802
1.177856727035937
1.898374662232486
0.842572500645359
0.06622819903977173
0.19758078597270456
0.23814250131625103
1.384663705826915
1.0504098072395465
1.4032459622120486
0.5085603201321935
0.5761653751977847
0.8555281548449625
1.1459186650815847
1.5943429997031742
1.6186758113246316
1.7508748705501844
0.7879077515822781
0.7440587693973273
0.628971384772337
1.7947840992290987
1.6733309977965924
0.0037694484333279377
1.1654090423100933
1.573018453225972
1.8017389965508568
1.3008878502619754
1.5827843114033902
0.7696534657365435
0.11037664696867355
0.545256524149395
1.28235520217371
0.3564104527966361
1.9210503278412967
1.4054681506659554
1.48038495039719
0.6336529540713232
1.0704611847050678
0.5219627770458324
0.9876956760683797
1.6160274182129473
0.5182548556210249
1.8344538037688747
1.6743665034237123
0.3279955691121679
1.814928512339255
0.4297487746830091
1.787850102636681
1.4592694943566427
0.7121276594282966
1.8570485399963401
0.0994220137442452
1.527428357415238
1.410754346395483
1.2113217145357753
1.9730181553927733
0.2047595548431338
1.4676996877589554
1.4513695132925044
1.8821561443880808
1.788633556456471
1.2199054527469981
0.39770911808292086
1.6447769171116111
0.9294872420942151
1.7348473008307552
0.6464216075176548
1.7024838459608589
1.677755938920701
1.7594259556179443
0.23862434590382953
0.13979657644724863
1.6708601642714185
0.9146410816793291
0.3412446085545826
0.8206785278223367
1.853618545748843
1.471313843668831
1.4232860250481414
0.013736468196838825
0.5102245657158799
0.44251573024880586
1.4527955457310842
0.18413196639173712
0.5831892475235854
1.441249878984047
0.49325405363893204
0.2493847377750631
1.2644187486654854
1.777323905671939
1.7441291394652996
1.5278888772428338
0.6658609984571364
0.6052418970908702
1.5488448849228222
1.8531032787865744
0.01192065392432995
0.5853360549201649
0.18443831601452887
0.8830182208341606
1.2431080586486971
0.48324615248548297
1.350688204384564
1.5036410007437677
1.1801530719703506
1.4082492867335525
1.1925178007400394
1.4068838556121088
0.47008040812527274
0.9788290703244764
1.4179878958546153
1.4173778059743587
0.4205084733214566
1.6042675525284786
1.6152130934952127
0.9493774576984937
1.5256995969089746
1.2839314312863839
1.2250494251284094
0.09406160260918517
1.9976557524542804
1.851315463036093
1.7924169583810312
0.26917541192951955
0.9378175542698457
0.4277975008955326
1.0976365519269906
1.1071010158167796
0.9196924387177998
1.0014483450961131
0.5601766404470889
0.31408287657978584
0.7000018249247837
0.5091319796789509
1.910719394409594
1.6024763774948638
0.5357032529256418
1.5755214485043012
0.5434738372739971
1.4795272182765862
0.15650906826597755
0.15054652548939207
1.1891767421666823
0.6703312244516373
0.8272889952029907
0.6871799685650086
0.5902398184515025
0.2592634084905314
0.13200940921091875
0.21435936511514475
1.7130150740376915
0.2533071088044345
1.120627521940425
1.685233226380811
0.6981686596613441
1.2023536824158771
0.28262471355378627
0.318809373980665
1.2286662677111615
1.7556839357274558
1.445629203006355
0.3034749556526877
1.2858907012571061
0.5904841857370378
1.1448422290208542
1.193748215564501
0.3679274856316317
0.017388438561055874
1.2687500326806989
1.6070123078658665
1.160068944730351
0.7496811932167315
0.8588672162526829
0.4148721726582896
0.37610473243265496
0.8169336471642217
0.8260241447115422
0.5241665230125856
1.0299804522518035
0.410489013654628
1.0429762642354814
1.5555567703549735
0.7509230468796668
0.5673509909472483
0.7828785622307048
1.2530067899421333
1.921146312043064
1.0306722992623931
0.7954342438521551
1.2953560464074374
1.39376620935006
1.369178563018501
0.4472928419007973
1.3315810928555984
0.3395711469828515
1.4945056041609042
0.30053714541838406
1.524229941374742
0.3748073036076245
1.084567201783428
1.2628659512913705
0.6609051060996975
0.5381560123253142
0.10271191166772575
0.015343381345217955
1.9815610830518675
0.9135942208927623
0.5965674842960407
0.8083525471184203
0.2697730678875654
0.7368465391029253
1.2671133476096519
1.9136560829155977
1.4690246909198856
1.6766511023589328
0.9176597496370216
1.030231932118008
0.1104520080252549
0.6480787534811832
0.8240562910667268
1.763818987217447
0.17637312843221142
0.9936592863360914
1.311589605868748
0.9348714558569022
1.6743222916963592
0.1590853674107906
0.38067331002099936
1.916888189901009
0.15919815832160134
0.09377951641080018
0.09257218623079999
0.4668471753150114
1.716527210389168
1.52262507515266
1.6080445654501043
0.5817422852972596
1.5077331290981244
0.9636787532863564
0.26592631172521886
0.799984240897085
1.8786936730479413
1.9076968314575555
1.8953211262400862
0.06369366130339515
0.24575795420767732
0.9288230334882313
0.6742024069003709
0.7676796895980018
1.498786624224581
1.661802346330292
1.278872555335493
0.9431632470548099
0.49866873949224066
0.55959967317468
1.8128658177210022
1.6590697086477733
1.397159853259894
0.1363186976544981
1.0605218800534102
1.6709811082605255
1.9697753525551218
0.0038312882979418816
1.9795982905485712
1.1076041854710297
0.9278656871602766
1.426543953881156
1.0289292489970219
1.5568755309482003
0.26388868536425236
1.347243454160929
1.9212802892995686
1.2985912182347261
1.0842858288676613
0.8779780805859523
0.6981881484545835
1.627713420629355
0.09726068017936962
1.1034493845856568
0.6427161498466905
1.2222734342433583
0.9481459080943624
1.7104015313603382
0.4776956446321703
0.33205359964849457
1.9329393022698236
1.4350135580464451
1.5411653000735355
1.1989995206123243
1.2709765279613003
1.6113145269982252
1.1873598540538326
1.567576500279019
1.0806011867821306
1.207156732210984
0.5307413807349219
0.4030524717520141
1.4770830020822172
1.6502989317049006
0.8322063617972599
1.007952357870245
0.799924098520532
0.47566554084099777
0.3207420037951765
0.6116980027967478
0.8770864014195843
0.3658655961796371
0.050447102822973156
1.205709956195794
1.4465619170985209
0.5105682055247684
1.51197189236732
1.9060150954471402
1.3810983886768795
0.3763495084322539
0.1490732919546911
0.4476694747203047
0.19978510578845432
1.9571396008967328
1.6751214981755738
0.550070739552021
1.5005921168262288
1.366415190051429
0.14103536642593273
0.8395006107662151
0.41084816953316405
0.2357979061709925
0.07526385556527293
1.7750029975668633
1.928032518902275
1.800735230127986
1.6980722865097178
1.5959699882335712
0.11114746277803311
1.782455381289377
0.20653205110466843
0.694572532965055
1.4833271480741814
0.21640390281263522
1.4332530240359778
0.013438593720929148
1.7192313741280887
1.2308855154120562
0.801039963494584
1.0787474002912185
0.7161612676556615
1.4456488054148742
0.4272920031682539
1.101173654031662
1.4857258759595575
0.1386696969989527
0.47610851871995186
0.21188187868284603
0.9532791994311305
1.6204025673306583
1.4127018149826125
1.3480356810125786
1.7152370338567526
0.35828501246002253
1.683860279071968
0.5620529991600416
1.0797742739522032
0.31029782002528483
0.5298451937377731
0.601104516563876
1.3042941345559915
1.654896546140068
0.12724450666676645
1.4881163968758298
0.8434502405488176
0.6456474038532969
1.068949084641059
0.5328061617497786
0.6343949825639372
1.6724159823312472
0.3065556243974772
0.7110446766908207
1.9713162571917964
0.7769719439594038
1.11214280590033
0.6731031350641197
1.3592165621960581
0.8493895393522393
0.3605069020211831
1.7761104448053326
0.8872786010731848
0.5226386336873761
1.4895834179885654
1.4833106355185373
0.12505268970840722
1.386277319509292
1.865923080079186
0.23247652426051468
1.3200905494889235
1.556172031537563
0.9637303476147425
0.4481014195203108
1.7635424334137049
1.865686970867657
0.7601128503812613
1.7567557603613029
1.5906240934308389
1.984800844210443
0.05583200679865152
1.662261533097065
1.9957504645189248
1.6271235807358686
0.04998477164186421
1.9471033659664319
1.8675251271876017
0.6708021425267867
1.428686827072316
1.888759584917943
0.18666271424401848
1.4978192481343375
1.4719692824348225
0.01440386997162646
1.1803151058093861
1.1472061631979737
1.2397409872696692
0.5646919251858982
1.1891596473483872
1.9812037038077455
1.7668081697814622
1.0971150079835863
0.47900136507884117
1.479423962800915
0.37858604468869417
1.731666192333287
1.8165292610260377
0.504579171732978
1.7332751539165066
0.4263318255049464
0.529258782918725
0.9243600785533148
1.002917928523813
0.36718620354302045
1.9825829984645404
1.8275621966877469
0.7248896479012608
1.0676326322732468
1.932245140791584
0.7385736692377871
0.28702075867247756
0.09359998047520501
1.0484364625113056
0.2128540672097139
1.7536858774134731
1.4662698247543566
1.058113087539245
0.9870493520974
1.7968372915404467
1.7411738415180436
0.41501771641094876
0.4609031396565548
0.8651003581565373
1.5222680051949302
0.18228036386293045
1.7041413431616161
1.4056889940137125
0.7418549628905386
1.900365638202544
1.4100211844350945
0.9480402291418084
0.42199159467047287
0.6135218604440151
1.2582527575751365
1.1647078601459435
1.8302850269913853
1.9407808624207972
0.00351621074376518
0.6441943216996153
1.952745009283523
0.1029450934004259
1.2718127982200995
1.042042837618954
0.028627256013462832
0.15489170118413265
0.5254048594719931
1.520650192629633
1.526967224419504
0.32291211873574666
1.9481143001517565
0.9449029636239099
1.39176940451483
1.309697533610239
0.10626558380439066
1.1698793440729085
1.6425837515112662
0.7049702294352438
0.15657407601601014
1.9385000921219384
1.4894651430760906
0.22765242817110054
0.10079685456276799
0.4011528005337599
1.0060784035628338
1.4258539055229116
1.1279787534863577
0.07595332703301594
0.10197677926405269
1.6738510845967074
1.4386412075024897
1.1874502938139615
1.0448470841218376
0.8306205544488523
1.111278236964236
0.7532180582129615
1.1057809880723364
1.7623801132592085
0.5500387586485838
0.5319247047467968
0.03539646768946736
1.0819825866268902
0.8434898273070217
0.0031019680871480215
1.0259007513785905
1.9208963661176734
0.9678724204984375
1.9179849677899048
1.5739497913562626
0.32489834859057853
0.18427487850794244
1.6424300564345753
0.2314260577574816
0.9524958884981904
0.20766688055456628
0.5070593406842447
0.6160225213444457
0.1554839668491763
0.7667509207840224
1.6864221091733589
1.2507847293462935
1.2339350120743702
0.02710445418280094
0.7481022899415857
0.8115300397393121
1.683309593487232
0.016101829350895658
1.944344166902959
1.183327819549768
1.5892665175730534
0.6666199477651786
1.5629064026295292
1.3619903386078014
1.9761413466301314
0.38754802956745404
1.210497195536787
1.683790098914839
1.8779535349597027
0.17263706299760373
0.7712831265594342
0.12638361346701865
1.176192481522727
0.1752397796651637
0.9646048873095423
0.49618952161892604
0.8365234390760214
0.4050090296445281
0.9201737642474135
0.2022318178066398
1.0769455472794085
0.743635685657785
0.9956637199871146
1.0137274266988185
1.212823916745963
1.8302257442809695
1.1807537329922289
1.7084603835523542
0.4496085733144075
1.5329290873149803
0.8633169790459805
0.8412523978883406
0.7319446703167303
1.7019500874329627
0.4775923658064396
0.9966045880289915
0.9082672640281153
0.6900848721268973
1.6108162133766404
0.8368498789185324
1.9328662630986715
0.7304457115479233
1.5139312506434741
0.01692332365345095
1.6027963798686606
1.6770490134165046
0.6436317547722226
0.6091205128520218
0.4148990501300338
1.8424590169094979
1.8571428909186576
1.065982437991693
1.5285919406178123
0.7076937024511503
1.1877751310068592
0.9467091383925539
1.5329746683059577
1.1331178314458035
0.748432431447124
0.64227035570643
0.7421875631309118
0.3650599385764477
0.2418961799567041
0.15664775446805357
0.08085283558257839
1.6114090496096296
0.8008455589999945
0.6364083139425503
0.2718170015135706
1.2504607601483442
1.4372168153996856
1.788073864487549
0.0013050243247809679
0.840797820785312
0.24964399539840287
1.582518146194325
1.011985442005617
0.01600741242014969
1.7193642668480194
1.7178877648900723
1.6623390549095043
0.07655100433685114
1.9191120648757796
1.1973093650561497
0.3911119632817355
0.6321204579686497
1.2661663549971898
1.0749106215195412
0.7385254444962406
1.0013271688275962
1.5698562155639733
1.9334488216275798
0.10130608696831445
0.24158927320548806
0.5554709247908483
1.979105989472901
1.2364892739545597
0.6605955396016845
0.7906602466767196
1.7737749750964658
0.6793404565569132
1.4517413852149823
0.9970526384352631
1.5724274395193998
1.7036293764357866
1.6994469918214214
0.09895870239132809
0.9929191711024468
1.2278821671825113
1.4162849881564283
0.04266849040355569
0.3178544549999558
0.15912773141014935
1.5023584053660262
0.41399099028699715
0.11289702038704785
1.0660455146038539
0.5583868236289549
0.18832603652489444
1.043179605031196
1.7863110911739424
0.33747438765675786
1.5666985512301783
0.7792318441989639
0.5983287007552125
0.2865475870452492
1.782825475681467
1.70610893440571
1.925428125979377
1.1069676957150103
1.010427862082818
1.7841726968154934
1.1909965042476571
1.5548380427900181
0.05663878644685916
1.3572383822980016
1.4059036230533446
1.8050412161289784
0.3965012851995129
0.9635698704218572
0.34497200453212074
0.6190578760990526
1.2851882641827148
1.2774687513129637
1.7571329213496325
0.2851342200434748
0.17871912723469463
0.19396993077336755
0.9542993830035167
0.8403798236848261
1.5005872585959568
1.766421636655015
0.3368791156786217
1.4378951707032135
0.9108541016620109
1.216493024969413
1.9392406066361245
1.888041602782819
1.665904816523507
1.5584187922512363
1.9163349156579825
1.3814836665536876
0.4012023472885662
0.5140550909095076
0.04306862837711356
0.19264858297585152
1.7260175514874334
1.3425875075194158
1.7609121550643911
1.7657638123311201
0.3882517054278676
1.9684969199988278
1.0816189115106218
1.001648662488167
0.44911105573506527
1.3636544567131867
1.7458216267913296
1.791951884267677
0.9015314229153
0.524183373225741
1.4346625827715125
0.8885431128704195
0.4728928799059844
1.579990400820061
