7.075646854533484
2.0137706389574284
7.510928142468232
11.848928015733971
14.75749957489436
7.665625384829382
29.97480740641208
25.641249581049475
27.84245566370279
5.158983286256
32.65191058230244
16.25128918877575
15.11550328057095
7.384069811868557
35.82302387254966
37.830358324241764
18.551143975692895
16.57847695304116
16.671945664580733
39.107556581150746
34.84680848473306
28.388514937153015
30.288608639412715
14.201246848484207
25.511463857518528
35.49435358227588
8.170859564868032
7.372374085551798
1.9608103912249897
3.822634545830268
22.336482651809497
9.059717579192398
16.95331438965362
7.065550064354857
36.16484127592396
26.357463198663904
4.834105072643768
34.170689055052264
2.345339361287193
33.16582723269186
30.436597242711414
29.661283414998493
13.817712948926042
23.565740084375943
30.12449915291191
8.091762564329276
25.346971123156806
6.538943503862233
38.33968939952653
1.6388911509108173
1.3836242694584122
10.9751350454263
29.15425526616991
33.7740165378465
10.117645728408387
16.97814096323661
24.70778134858662
22.15731632536285
14.142424595884634
32.803373141616525
31.04383063313858
20.340217404014385
24.902786872640966
16.32917590270948
16.742320879122765
30.557483854641806
11.108961372316838
35.784954576159414
30.87735015185904
38.8357794132809
0.5562011882607099
16.529293727086852
24.2128277911298
18.840824452061526
30.297551689265614
28.991602827015587
31.18106568151921
22.33058033749986
21.875107728234305
17.46111727330543
10.072318756556156
1.7771948866374165
6.322878782438326
30.22740871397208
24.9960604996448
14.665792245953329
37.912218786138745
28.646869356531184
25.557596022028775
19.17343687602953
16.118573157768896
26.029939868433093
38.82643541217928
27.376991795856366
2.0461228743997495
36.81417762694106
13.055647235979539
14.833836145855761
28.55470480117274
22.308553035396542
3.7442381789397805
14.324774093025425
22.591211890925813
21.36470639372458
30.01741277274793
6.743723070909202
3.7354673207587563
32.65116466749483
32.93237660827539
3.564150355769513
34.728419687307415
9.776879891386399
17.200162174085023
13.007467787708
37.758271241272105
21.330727075339922
13.9467719170199
35.9839608882661
34.53800065774341
14.973925849655792
4.519736378656791
8.072122220771156
18.71552998070875
28.04266410393515
33.97900492851771
10.247553496135179
5.9156176480265765
26.688510696618195
17.793903022413108
33.767954461467966
29.720356622945147
31.404512705323974
6.400689949119647
23.565984182447643
1.1529746582844913
38.85520211090891
39.65807343379331
39.69712764381129
24.73744756574336
38.249020502936354
36.870848267436784
7.834991150950841
5.964253207995021
25.06201564944628
27.934634269075993
37.50177561057655
33.00038635715955
15.74195078419768
37.287512242447306
30.66698137137743
29.73960005592464
24.09229100131059
4.73714449800648
3.5427188714431557
37.79662144797429
13.355847103023532
25.86482089788513
0.8492923565261412
31.806914712696024
27.588154296222996
39.59063727396459
14.520079405027904
5.401378293285957
31.731001478184613
1.6168555723755107
7.759970492142942
24.48318354456356
11.86680695183588
39.84929975054784
30.56703810453031
29.94173717914391
5.454881051374092
11.52945597914394
14.272319330571506
23.69662470133399
25.920900766544218
31.69274921918393
30.347988948511087
9.972142273757498
36.791259873170816
38.701286980458875
32.67946663978194
7.960876063872928
17.634244212377986
24.982186080228136
12.692330418268188
2.5425878822956305
27.39031455503243
29.735380635403835
3.1702074930485935
16.48248180146091
10.244089799918648
5.257653645065239
29.29516105833033
10.54072445702463
25.01091704446685
29.662427104394716
4.387353415422859
7.182938046646048
11.08125492038035
6.157662333883471
23.016115827230507
9.089148521215819
12.28638952000383
2.6770464196185273
35.59986483982773
25.416535694486715
4.619321566450574
25.542427042103
16.307591955662637
26.77910743566478
34.564971650438785
6.968303081903748
20.019997186943247
4.165247422786207
31.864173595518473
38.601966001406666
4.303628675343871
27.521893597066644
13.856230942299943
1.925707116104114
8.796713681828523
6.491928828697855
8.115110082351622
11.230320935214703
37.10067254836175
28.799153930694487
5.914695328263595
16.0019525186468
15.216623533655715
11.033057234467801
21.128794318918978
26.947128059088104
25.76149425044497
22.093376451626522
27.491934250120277
13.513647160139657
38.64368398836363
31.312280143856448
21.717283266908506
10.647811348808048
16.57349598851753
31.27980806917561
30.788345633321242
8.66127703006143
7.728929350954661
9.656008524911588
28.81139255028897
22.46363924952174
8.092664975162126
14.76104365307119
12.135906895192967
25.04966156863859
22.421459228755275
16.492317661914235
21.020634938930076
25.01288555231016
35.50441720674748
7.125540238024115
11.943127416293194
28.990146251188186
4.31195713899045
15.814389262054064
16.721003205861443
37.32436690400644
16.832595610518805
26.111311584408853
12.933455550601277
14.865782315496233
34.83996964582989
27.589765010236093
14.701823686278805
38.71458188138956
25.52785220426829
0.6560447527413027
33.708404724129835
30.84074963227739
30.896211507815273
7.896641979319998
37.40294754657603
35.89972081732665
23.966682208186594
25.814890631431354
4.666620405211956
23.195258602193945
17.351136239546058
17.56847502279896
8.773523674881538
36.623784721033566
22.392344818907116
20.327187658858506
23.310167099188792
27.567202278664244
26.041029521906268
20.12812579593934
8.783603810100416
3.0840690689820116
37.82893888336722
32.61335190378665
35.96926519737903
5.381784169125816
20.74286635482573
19.792815485761
16.619825907103394
28.43526302757519
37.49986311610333
10.983201983886271
2.9767398457312044
33.75039678828515
17.66919743348538
20.331126558320886
24.59643559378386
29.653404088889094
21.281929991673852
23.83695347649626
14.323418517574499
7.119976714042684
21.01429521114722
15.55330494123842
14.812886055182899
20.040959244204043
7.726364445942879
5.640139678487892
32.82574750249604
18.954106749276534
3.082823639402328
32.21611420841295
20.58926874982289
34.654257477439266
18.17795502780255
34.45371274087269
31.836855353086868
1.7271043512186512
8.532280824480761
16.12349288684871
24.710828704494713
31.93453784868076
3.523596085647571
36.80056385560005
24.532327839143324
13.512342791725796
32.26045445053556
2.2042554256781166
16.512812918337264
24.823868050260952
28.101475815181182
25.649726354952882
11.801939438389768
9.446068946106529
10.469151427496811
19.34810016625114
19.836895191641382
24.647166413141907
35.30215560740027
27.299497718777857
5.778592502264375
26.347951954854537
34.4354460847564
30.781169323729888
33.89043991730846
31.041596253152115
9.39279999368718
22.940744051935518
16.035710019903462
38.77962814606553
26.521695553280807
20.76240137126787
39.03984308400113
31.21456404471239
38.09579517627532
0.6816227291836263
15.484341761539731
34.82247437672549
7.955580068457575
28.381943188955
29.56920915461415
21.811591205670755
30.453014546946555
23.814990048134256
33.00121929363693
29.855879054949423
17.911407001506486
19.242858494305658
5.4356011750335265
36.67528949076559
14.506979613040304
31.109725713196312
9.81902709755698
26.617245087520995
33.42393724583069
15.80738710147251
25.052138572042622
13.776707095127914
29.33016430281931
14.907237712888403
26.71012140978015
19.824985372138585
9.665980812765934
37.18900732119415
31.130163008019494
24.60028231987632
35.933693751481194
32.80439461261822
38.994963717451085
33.64575074115952
10.121012812522423
9.171545021799856
11.611738704657458
39.263667430867
1.5866864339305042
38.70412885775734
26.40650738180541
30.28715365845705
6.182055184661488
15.236590305953266
27.723743068116462
10.653654496257555
2.0774964080413882
9.014967943873916
34.841792700344016
17.997226086065574
15.708086380760818
29.380456084738157
11.184778563073753
30.8594810331315
36.44808993138777
9.780745095579388
37.03199752298325
16.751864987462408
20.06920797233301
1.5019451662094063
2.596173887033606
3.1847308575648414
18.73282841435564
20.52173051562065
29.162196646885505
29.911516103113755
29.211842605603564
16.142162226174932
33.048316419223866
3.0191112466370384
21.232886906219356
20.568437527882843
30.472076211128773
20.128350359202773
34.27519734260773
15.357634000076201
20.973559855557905
30.851339390138026
13.857570838376766
13.669360471165195
22.868858998128697
17.78517311435469
37.290240286145476
26.507970189431184
26.27697493201027
30.70438973617437
34.06377720864882
36.653886448442776
37.58368060448396
20.2473244795787
37.492459396771196
5.739334680195074
13.776172544746634
17.274355772028706
11.924848923746797
7.9316285497566685
5.902678646646242
30.20881479054343
23.779628451569145
17.944959864525853
7.981465083193751
5.05417993063813
4.860076530440063
1.6094384486763547
1.0040370502482387
31.41395674566133
32.84585173510018
3.9839685969151972
11.2476057152029
2.7234887727683077
6.556090390086107
23.00734390431417
27.93223417744571
30.035723685960683
22.52312045889805
35.93974283465957
27.328362797818958
26.085797566061885
24.611401997404126
11.35466400244085
8.740752636338094
19.9921059610335
39.8616456453664
11.199091870726159
22.365173623157002
12.834326477432745
11.435332431759218
5.447549157798188
19.83449386438236
20.481702307618505
13.480206134896143
26.133475600265974
25.341132586736016
12.427676108707333
2.9325982647440307
18.049191856623608
8.543149667423302
24.019796429412203
29.717771385659567
0.16352529801578086
20.031560073934116
34.35662396349421
29.50477711709414
14.813972744852887
25.95678066078921
23.256178056409066
2.1176308703665647
10.988115261678608
10.48240446970592
28.083277952277314
13.899925870933046
3.516774033924368
23.054854092099248
14.855946453411523
13.775312687227732
11.759241209569776
12.047723885249626
37.933846437551495
0.4415966781712344
9.368722743488306
27.159984733743833
8.724555954034088
22.081504413946533
10.983934051690403
10.017500900834202
26.22626778052997
30.16848711419871
2.2006097600361274
5.747635795032693
0.8583471522836117
25.391251371404664
5.934498003093238
17.867041984868944
27.913958593219036
26.415994949669432
11.295233819708317
14.64302562813442
38.10181945373799
1.1506748301620773
10.348274538589441
17.159206841798806
30.026921571227113
25.370910611261614
33.649919672551086
37.63649330350038
33.09289010852148
15.012458802368776
7.198226820102391
11.130716666698795
19.19146644866224
16.13050916153886
31.450466391014615
14.548566742734126
37.67738976565772
30.4713512304653
27.31556129490158
33.99380056624227
10.50979716943723
24.797282319376638
4.537765841243311
4.775993339133366
13.07404831367204
38.55094401049999
4.645661128466609
7.984420481243006
1.0807083855237654
7.140569668870103
13.648352942391885
3.3499752637495694
25.07122253714034
17.07296544248767
28.91856098521306
30.18832701591167
1.4426488468230358
4.356328684118029
0.21012505030875595
16.537858360332862
2.536602366732321
39.04034447924304
26.51522858211027
1.1762011121646054
28.220396283310322
26.45630420791506
18.474494773029715
14.019537986656303
7.5211672200023605
19.665295565297818
30.310892959235595
37.47912294726619
31.25659389354048
17.817842674188277
25.76621087221417
24.669805969659553
15.238619375709437
1.573671218382886
9.276678037761105
39.935629251630466
18.509404663077497
29.425596513025756
26.63211066389731
12.977922595508446
12.201565580896162
7.716836211479108
38.62078468767271
39.941592974482646
11.997526772400944
12.336375054992622
16.670045427224693
23.13563333166222
30.79568128408889
21.52230544152331
1.2504712330441503
35.63419871315842
38.0738170791325
16.898391247884007
21.81923239977617
7.824893042395913
28.573111110478848
23.814412753818264
21.33608843216459
0.04123382665004893
5.308787689830763
32.25615543621558
18.89328291477264
8.736557628004956
10.546365304420178
26.036237013002207
0.7584131979008513
33.22697729185078
13.265209195152416
30.672253893695554
13.137154000284973
5.851268596236481
2.7639457875488693
9.304055967882189
39.22053500943047
0.4659100974084751
5.445076940954525
31.19728213444171
38.5892804463191
2.513804503265904
15.448969008439143
8.82556522784613
8.805539578750011
8.475510458176739
9.690195664831297
7.219170991210633
17.030127209315992
3.332137587761914
23.982018934077924
33.21311889106634
3.7612464053036287
1.7393811890092747
19.317621287289924
32.42315015442874
21.298421842149654
31.932444203384364
6.009493484772128
38.22323838092928
36.29324746434543
10.951963878212222
18.27122025345367
29.693614876452045
18.756310097417202
25.601324956628506
2.958688193582222
24.45364334869533
39.1474950197071
35.61607557649446
23.570590280891544
17.48913248821724
20.684687537570042
13.846479877104514
24.240867576898154
18.529049112660815
5.763687296700528
32.824533668589865
28.338594862835755
38.22184459794458
13.389961922585979
37.90709720937474
22.423574851785236
27.306983597756286
28.78071282082539
14.257115074204458
18.688761640873956
3.1725138380074247
16.803480433268128
38.245186550299756
17.65342840055357
24.634878676666254
7.675388746966507
23.42408892139543
7.753792526029106
18.472463579048217
26.354894680287146
27.049133100432265
19.610662472712683
0.1896736772198926
6.315752494634754
15.187591190776729
0.13643896056949156
6.68366871617581
3.900693682750709
32.780696898875675
5.276648901859233
29.931192811672027
11.210153636841964
29.5920742151706
10.063987517252592
8.508228362953684
13.489166739557493
33.79673112793758
20.795658817775692
17.700544127390415
11.23339611944385
22.035092082519114
26.527614294740246
39.1584979295234
7.74303740417889
28.07684186687869
5.712117522564988
7.494782363058992
9.611184017028943
1.809664065394978
28.687845855308183
23.919102777899454
20.64103018810242
36.08827440794678
27.864590351450218
15.94909552886528
28.944114643699987
21.049475634809617
4.82738903788924
27.43210646043157
12.479607925324704
3.8192362950440284
27.217765502063127
24.5577602769907
20.052473118895303
6.108156499448749
18.132567690596627
1.2365661652832882
22.79613158836149
23.011945476472793
16.913664202269697
21.16511485401265
35.42307906113087
33.40389493001025
12.584634318207723
4.093736752017212
17.034709992461817
15.626618798502943
19.823348074658533
30.257803940257052
38.03943384736931
21.7606298959371
22.242177701431117
19.62916881613448
22.73595511768368
39.56768356876457
28.88036330646039
1.5895438696870068
6.376418216826845
23.277076995964684
17.195911470761036
25.82294994670649
1.031931645167159
22.70343546283633
9.477169131282617
36.66965150850694
6.34078895494766
24.754837756402388
29.47706498976512
20.879339682341428
29.227520907610852
22.21040493943059
12.205807218750717
2.6466010812988072
30.938730694844402
21.716842020080982
12.200637986775064
0.007056568343388747
20.249464902499188
36.27368553789144
34.22406096855687
33.11784358019624
18.45170292926086
17.047364357212267
15.224775754589688
7.641443680425626
14.744335304014093
5.174460891432653
37.528350874194786
25.39714917161119
29.901842740703763
6.284884784694893
30.607499237046518
39.639799330041996
11.606676730901317
8.795999625062443
22.414615846950458
13.770718262878376
16.588166025008874
21.59902071802137
31.142053676605677
19.981085309606517
32.718582617269945
37.5793487131345
24.408439480426743
28.273313000658526
18.47481907331478
36.482797760111126
15.252119380522098
6.501287173712966
7.681934168132267
3.9599864188450518
32.9456595232656
18.515656353581825
4.212632526429507
23.19149787413029
1.5281324845189603
30.195667822877233
34.32457833003272
31.316681781892793
0.08471447395119736
32.094351445042285
13.575223904122101
24.959343901949744
6.185973874676338
22.619169514404707
20.761673172410614
27.46381492208723
37.53198434082078
7.115573355019209
33.09090221344038
35.02526404169672
6.729270868192492
15.916200500510588
4.793462602953769
39.718396482448796
30.26136249384264
28.363775029977187
5.6516265010283595
4.498987199424627
25.096558190826116
10.011077213526388
16.42072460781855
18.57305389063142
25.009323697915317
26.646667566347872
24.88025605831361
31.09872206707618
33.57455328248973
31.490353131925612
39.25914808543946
27.00621590767667
1.9267225720382397
30.84771501652884
15.037364708140458
30.791665179323306
36.758801111476075
38.70829720037483
36.63388276282689
22.46076046072119
7.668584881898903
12.2174072611582
7.2488422785814555
4.368598848086012
12.842922965185227
17.646763368355998
18.135517561099363
28.52236527529362
38.20313693708614
10.43454245392683
12.83555539447966
20.98381200836142
7.517734232600697
23.060706669985723
12.41873100507934
3.3288176611491282
29.621323281522407
0.9687840728030217
24.526307679777997
10.691606960327785
3.761475481148606
9.440594264111288
22.024871725907843
1.74153220599778
5.228058246347791
13.2757374949764
6.335349745492906
28.010638452399718
0.802404259817977
26.322955830450013
6.009712353483758
38.31052289630848
37.19647377280086
19.355797718350946
22.885688295108416
18.547335871247288
25.53500057384977
2.4803387281754707
26.157626801056
28.064081697800102
11.06639864351636
2.208009272591993
28.959448596549834
10.709655281478433
9.671040913453268
33.52189651748628
22.56345063005179
32.1544223337538
31.36832884757565
23.710206333834343
10.056537566350565
24.542410590881303
35.90677381430144
17.435880124862866
14.363258702238305
5.390517153876915
36.65413643668219
1.4566636552436263
14.742856052730069
39.715446975203136
26.387473587959214
12.605267703128543
11.3953254697422
12.689404607315637
2.2157655709386725
34.08452066509665
29.569315013776993
14.695884082667074
36.7505941731371
22.827794420393314
12.572504792233342
11.477194914523597
38.77316817799294
4.620224543757381
17.342896130828457
39.13570019883053
9.028795871622037
3.8716226993449654
36.7472919495881
27.071035060306173
25.412725241820194
1.3772436043550584
9.531020791959527
31.505892938613506
6.694077946637278
16.09790967061762
21.8508068255013
38.07328424658245
25.05741240339634
25.936299470749987
33.58046649555768
4.008476619241268
5.124281800856161
17.681516236004175
38.08695467187432
18.80914215172153
20.749943670577935
27.739368483523833
25.932080005758287
6.797556351278118
0.7731997979840743
2.9611124190802673
30.963012668168396
35.83898560534333
1.030164734442054
34.82870231769626
11.512551045643654
33.5407404916127
12.32555414711031
0.44993025354026717
39.93789063892375
25.57666109183559
32.68792521905321
0.2621221172064647
0.4844758924254533
20.35212642917688
37.118082999906626
15.038403091582143
8.469319806074527
10.044987797407439
9.172698083655263
33.73582152672351
23.03598032295444
0.12813058597858973
